llama_client:
  ros__parameters:
    cup_pose: [0.4, -0.18155, -0.43]
    bottle_pose: [0.5, -0.08155, -0.43]
    home_pose: [0.0, -1.23265, -0.0]
    hover_height: 0.1
